109
NULL 0 NULL 0
Joined 0 0,255,0,255,0,0,0,0,0,0 NULL 0 0 0 	# Joined [4a 6f 69 6e 65 64 ]
|Broken|0|1 0 0,255,0,255,0,0,0,0,0,0 NULL 0 0 0 	# Broken
+ 0 0,255,0,255,0,0,0,0,0,0 Common 3 3 3 +	# + [2b ]
3 8 0,255,0,255,0,0,0,0,0,0 Common 4 2 4 3	# 3 [33 ]0
" 16 0,255,0,255,0,0,0,0,0,0 Common 5 10 5 "	# " [22 ]p
ذ 1 0,255,0,255,0,0,0,0,0,0 Arabic 6 13 6 ذ	# ذ [630 ]x
ك 1 0,255,0,255,0,0,0,0,0,0 Arabic 7 13 7 ك	# ك [643 ]x
ر 1 0,255,0,255,0,0,0,0,0,0 Arabic 8 13 8 ر	# ر [631 ]x
ي 1 0,255,0,255,0,0,0,0,0,0 Arabic 9 13 9 ي	# ي [64a ]x
ا 1 0,255,0,255,0,0,0,0,0,0 Arabic 10 13 10 ا	# ا [627 ]x
( 16 0,255,0,255,0,0,0,0,0,0 Common 11 10 13 (	# ( [28 ]p
. 16 0,255,0,255,0,0,0,0,0,0 Common 12 6 12 .	# . [2e ]p
) 16 0,255,0,255,0,0,0,0,0,0 Common 13 10 11 )	# ) [29 ]p
ل 1 0,255,0,255,0,0,0,0,0,0 Arabic 14 13 14 ل	# ل [644 ]x
م 1 0,255,0,255,0,0,0,0,0,0 Arabic 15 13 15 م	# م [645 ]x
َ 0 0,255,0,255,0,0,0,0,0,0 Inherited 16 17 16 َ	# َ [64e ]
ئ 1 0,255,0,255,0,0,0,0,0,0 Arabic 17 13 17 ئ	# ئ [626 ]x
ة 1 0,255,0,255,0,0,0,0,0,0 Arabic 18 13 18 ة	# ة [629 ]x
# 16 0,255,0,255,0,0,0,0,0,0 Common 19 4 19 #	# # [23 ]p
ُ 0 0,255,0,255,0,0,0,0,0,0 Inherited 20 17 20 ُ	# ُ [64f ]
خ 1 0,255,0,255,0,0,0,0,0,0 Arabic 21 13 21 خ	# خ [62e ]x
ع 1 0,255,0,255,0,0,0,0,0,0 Arabic 22 13 22 ع	# ع [639 ]x
ض 1 0,255,0,255,0,0,0,0,0,0 Arabic 23 13 23 ض	# ض [636 ]x
و 1 0,255,0,255,0,0,0,0,0,0 Arabic 24 13 24 و	# و [648 ]x
“ 16 0,255,0,255,0,0,0,0,0,0 Common 25 10 25 "	# “ [201c ]p
” 16 0,255,0,255,0,0,0,0,0,0 Common 26 10 26 "	# ” [201d ]p
_ 16 0,255,0,255,0,0,0,0,0,0 Common 27 10 27 _	# _ [5f ]p
ب 1 0,255,0,255,0,0,0,0,0,0 Arabic 28 13 28 ب	# ب [628 ]x
غ 1 0,255,0,255,0,0,0,0,0,0 Arabic 29 13 29 غ	# غ [63a ]x
ن 1 0,255,0,255,0,0,0,0,0,0 Arabic 30 13 30 ن	# ن [646 ]x
ه 1 0,255,0,255,0,0,0,0,0,0 Arabic 31 13 31 ه	# ه [647 ]x
آ 1 0,255,0,255,0,0,0,0,0,0 Arabic 32 13 32 آ	# آ [622 ]x
! 16 0,255,0,255,0,0,0,0,0,0 Common 33 10 33 !	# ! [21 ]p
[ 16 0,255,0,255,0,0,0,0,0,0 Common 34 10 80 [	# [ [5b ]p
< 0 0,255,0,255,0,0,0,0,0,0 Common 35 10 81 <	# < [3c ]
8 8 0,255,0,255,0,0,0,0,0,0 Common 36 2 36 8	# 8 [38 ]0
1 8 0,255,0,255,0,0,0,0,0,0 Common 37 2 37 1	# 1 [31 ]0
0 8 0,255,0,255,0,0,0,0,0,0 Common 38 2 38 0	# 0 [30 ]0
7 8 0,255,0,255,0,0,0,0,0,0 Common 39 2 39 7	# 7 [37 ]0
6 8 0,255,0,255,0,0,0,0,0,0 Common 40 2 40 6	# 6 [36 ]0
س 1 0,255,0,255,0,0,0,0,0,0 Arabic 41 13 41 س	# س [633 ]x
ق 1 0,255,0,255,0,0,0,0,0,0 Arabic 42 13 42 ق	# ق [642 ]x
ط 1 0,255,0,255,0,0,0,0,0,0 Arabic 43 13 43 ط	# ط [637 ]x
ٍ 0 0,255,0,255,0,0,0,0,0,0 Inherited 44 17 44 ٍ	# ٍ [64d ]
أ 1 0,255,0,255,0,0,0,0,0,0 Arabic 45 13 45 أ	# أ [623 ]x
ت 1 0,255,0,255,0,0,0,0,0,0 Arabic 46 13 46 ت	# ت [62a ]x
د 1 0,255,0,255,0,0,0,0,0,0 Arabic 47 13 47 د	# د [62f ]x
ّ 0 0,255,0,255,0,0,0,0,0,0 Inherited 48 17 48 ّ	# ّ [651 ]
ج 1 0,255,0,255,0,0,0,0,0,0 Arabic 49 13 49 ج	# ج [62c ]x
ش 1 0,255,0,255,0,0,0,0,0,0 Arabic 50 13 50 ش	# ش [634 ]x
ف 1 0,255,0,255,0,0,0,0,0,0 Arabic 51 13 51 ف	# ف [641 ]x
, 16 0,255,0,255,0,0,0,0,0,0 Common 52 6 52 ,	# , [2c ]p
ح 1 0,255,0,255,0,0,0,0,0,0 Arabic 53 13 53 ح	# ح [62d ]x
- 16 0,255,0,255,0,0,0,0,0,0 Common 54 3 54 -	# - [2d ]p
« 16 0,255,0,255,0,0,0,0,0,0 Common 55 10 77 «	# « [ab ]p
إ 1 0,255,0,255,0,0,0,0,0,0 Arabic 56 13 56 إ	# إ [625 ]x
4 8 0,255,0,255,0,0,0,0,0,0 Common 57 2 57 4	# 4 [34 ]0
2 8 0,255,0,255,0,0,0,0,0,0 Common 58 2 58 2	# 2 [32 ]0
9 8 0,255,0,255,0,0,0,0,0,0 Common 59 2 59 9	# 9 [39 ]0
ص 1 0,255,0,255,0,0,0,0,0,0 Arabic 60 13 60 ص	# ص [635 ]x
ث 1 0,255,0,255,0,0,0,0,0,0 Arabic 61 13 61 ث	# ث [62b ]x
' 16 0,255,0,255,0,0,0,0,0,0 Common 62 10 62 '	# ' [27 ]p
ى 1 0,255,0,255,0,0,0,0,0,0 Arabic 63 13 63 ى	# ى [649 ]x
ز 1 0,255,0,255,0,0,0,0,0,0 Arabic 64 13 64 ز	# ز [632 ]x
ِ 0 0,255,0,255,0,0,0,0,0,0 Inherited 65 17 65 ِ	# ِ [650 ]
ْ 0 0,255,0,255,0,0,0,0,0,0 Inherited 66 17 66 ْ	# ْ [652 ]
* 16 0,255,0,255,0,0,0,0,0,0 Common 67 10 67 *	# * [2a ]p
ؤ 1 0,255,0,255,0,0,0,0,0,0 Arabic 68 13 68 ؤ	# ؤ [624 ]x
ً 0 0,255,0,255,0,0,0,0,0,0 Inherited 69 17 69 ً	# ً [64b ]
ء 1 0,255,0,255,0,0,0,0,0,0 Arabic 70 13 70 ء	# ء [621 ]x
ٌ 0 0,255,0,255,0,0,0,0,0,0 Inherited 71 17 71 ٌ	# ٌ [64c ]
5 8 0,255,0,255,0,0,0,0,0,0 Common 72 2 72 5	# 5 [35 ]0
| 0 0,255,0,255,0,0,0,0,0,0 Common 73 10 73 |	# | [7c ]
؟ 16 0,255,0,255,0,0,0,0,0,0 Common 74 13 74 ؟	# ؟ [61f ]p
ظ 1 0,255,0,255,0,0,0,0,0,0 Arabic 75 13 75 ظ	# ظ [638 ]x
: 16 0,255,0,255,0,0,0,0,0,0 Common 76 6 76 :	# : [3a ]p
» 16 0,255,0,255,0,0,0,0,0,0 Common 77 10 55 »	# » [bb ]p
/ 16 0,255,0,255,0,0,0,0,0,0 Common 78 6 78 /	# / [2f ]p
؛ 16 0,255,0,255,0,0,0,0,0,0 Common 79 13 79 ؛	# ؛ [61b ]p
] 16 0,255,0,255,0,0,0,0,0,0 Common 80 10 34 ]	# ] [5d ]p
> 0 0,255,0,255,0,0,0,0,0,0 Common 81 10 35 >	# > [3e ]
٠ 8 0,255,0,255,0,0,0,0,0,0 Arabic 82 5 82 ٠	# ٠ [660 ]0
١ 8 0,255,0,255,0,0,0,0,0,0 Arabic 83 5 83 ١	# ١ [661 ]0
© 0 0,255,0,255,0,0,0,0,0,0 Common 84 10 84 ©	# © [a9 ]
، 22 0,255,0,255,0,0,0,0,0,0 Common 85 6 85 ،	# ، [60c ]p
ک 1 0,255,0,255,0,0,0,0,0,0 Arabic 86 13 86 ک	# ک [6a9 ]x
٣ 8 0,255,0,255,0,0,0,0,0,0 Arabic 87 5 87 ٣	# ٣ [663 ]0
٨ 8 0,255,0,255,0,0,0,0,0,0 Arabic 88 5 88 ٨	# ٨ [668 ]0
٢ 8 0,255,0,255,0,0,0,0,0,0 Arabic 89 5 89 ٢	# ٢ [662 ]0
٥ 8 0,255,0,255,0,0,0,0,0,0 Arabic 90 5 90 ٥	# ٥ [665 ]0
٩ 8 0,255,0,255,0,0,0,0,0,0 Arabic 91 5 91 ٩	# ٩ [669 ]0
٤ 8 0,255,0,255,0,0,0,0,0,0 Arabic 92 5 92 ٤	# ٤ [664 ]0
ی 1 0,255,0,255,0,0,0,0,0,0 Arabic 93 13 93 ی	# ی [6cc ]x
٦ 8 0,255,0,255,0,0,0,0,0,0 Arabic 94 5 94 ٦	# ٦ [666 ]0
٧ 8 0,255,0,255,0,0,0,0,0,0 Arabic 95 5 95 ٧	# ٧ [667 ]0
ھ 1 0,255,0,255,0,0,0,0,0,0 Arabic 96 13 96 ھ	# ھ [6be ]x
? 22 0,255,0,255,0,0,0,0,0,0 Common 97 10 97 ?	# ? [3f ]p
‌ 0 0,255,0,255,0,0,0,0,0,0 Inherited 98 18 98 ‌	# ‌ [200c ]
ۍ 1 0,255,0,255,0,0,0,0,0,0 Arabic 99 13 99 ۍ	# ۍ [6cd ]x
ە 1 0,255,0,255,0,0,0,0,0,0 Arabic 100 13 100 ە	# ە [6d5 ]x
ۇ 1 0,255,0,255,0,0,0,0,0,0 Arabic 101 13 101 ۇ	# ۇ [6c7 ]x
۔ 22 0,255,0,255,0,0,0,0,0,0 Arabic 102 13 102 ۔	# ۔ [6d4 ]p
ڪ 1 0,255,0,255,0,0,0,0,0,0 Arabic 103 13 103 ڪ	# ڪ [6aa ]x
ہ 1 0,255,0,255,0,0,0,0,0,0 Arabic 104 13 104 ہ	# ہ [6c1 ]x
پ 1 0,255,0,255,0,0,0,0,0,0 Arabic 105 13 105 پ	# پ [67e ]x
ۃ 1 0,255,0,255,0,0,0,0,0,0 Arabic 106 13 106 ۃ	# ۃ [6c3 ]x
ڤ 1 0,255,0,255,0,0,0,0,0,0 Arabic 107 13 107 ڤ	# ڤ [6a4 ]x
ې 1 0,255,0,255,0,0,0,0,0,0 Arabic 108 13 108 ې	# ې [6d0 ]x
